1;SuperChange;;0;14237
10;My-Xchange;878525859540;817;74998
15;OnlineChange;595493601044;875;22
18;SaveChange;611244989650;3150;26756
48;Exwp;800811812711;1582;137324
51;ExchangeX;687408836403;1743;134070
52;NetExchange;;0;118516
56;M-Obmen;963130820766;2156;52516
62;ChangeMoney;153989616349;1162;300
63;WMCasher;106880779815;3114;182154
67;СуперОбменка;249714880659;3521;59737
72;Обменник.ру;113848432416;2625;41869
382;Bit-Changer;;0;49676
443;ОбменОМ;;0;195833
73;Обменник.in.ua;170005281866;3010;12996
78;Cashing;232007937681;2591;57
79;E-Obmen;;0;778596
80;Vmex;060994506852;882;543789
81;WMChange;255372392348;2139;128586
83;Обменник.ws;170005281866;3010;21166
84;WebObmen;401905501032;1686;1720
86;Obmening;142747776155;2044;494762
89;Changer;;0;977047
95;UkrCash;;0;173998
96;UkrWM;473565956339;990;48531
102;ExPayer;325157143068;1188;29572
104;Owm24;413356353466;116;1619
106;Me24;413483251593;322;6
107;WM-Sha;881627402476;1447;8565
110;Wmt24;117687893439;2585;6294
361;SaleWMZ;612481138898;290;9962
114;2Cash;139975981316;1582;3604
120;MagneticExchange;;0;83842
122;UltraChange24;353947666079;1141;5712
128;XMLGold;;0;526618
142;WmPayCash;256939015533;1467;13954
152;Vilkov;;0;105515
154;eCashMe;878525859540;817;204168
155;Z-Obmen;;0;19266
157;WmBox;329025066047;2006;26265
161;Обменник.ua;963130820766;2156;11454
162;Payeer;;0;0
169;ExchangerWM;471886423059;1024;20029
170;XMoney;;0;19997
177;AlfaCashier;;0;372883
184;Xchange;;0;1804236
191;PayPalPartner;364537230331;910;36382
196;Е-Деньги;260726383675;2064;9615
197;WMSell;;0;5728
199;WMChange24;730055648577;1597;4105
200;24Pay;;0;121063
201;NixExchange;;0;218656
204;ChangeAm;142375337537;267;24457
205;WMSim;394929061825;805;165667
208;Обмен.cc;;0;38747
212;P2PChange;;0;289493
215;UniChange;;0;61393
218;A-Exchange;;0;0
601;Bitochek;;0;484515
219;I-Obmen;;0;40717
220;WMGlobus;;0;0
234;PM-Obmen;;0;8599
236;LiteObmen;;0;5994
238;E-Money;;0;234269
239;E-Scrooge;;0;108803
241;SimpleChange;174948279972;1292;2999
643;Bchange;;0;59751
247;A1Change;;0;247622
251;24Obmin;;0;9514
252;VIPchanger;397640011232;1538;139941
730;WmMoney;445709135419;899;27445
255;BazarMoney;250647852481;874;21261
256;PM2BTC;;0;465936
257;PM2WM;;0;100000
259;BTC2Cashin;;0;104888
260;PM2Cashin;;0;524437
268;RapidObmen;;0;25725
269;Paspar;;0;2555
271;GoldObmen;;0;34028
272;WMCentre;;0;112173
273;ArmChange;;0;13497
274;MultiChange;;0;595685
276;BTC2PM;;0;100000
277;BTC2WM;;0;100000
283;WMAlliance;303155182298;1491;16252
291;Ukr-Obmen;;0;11571
293;SolidChanger;;0;51123
297;Меняйко;192211650456;1488;17530
298;SolidChangerNet;;0;74765
299;ObmenCash;;0;5062
300;WestChangePro;178795325939;584;3135
306;Спасибо;632584157120;2020;278244
310;IndaCoin;;0;2317328
311;Cryptex24;;0;192627
313;UltraChange24Ru;;0;757
318;eBitok;;0;0
319;BelkaPay;;0;423328
320;100Монет;;0;1176974
324;Qipri;;0;244611
326;Матби;;0;1032864
327;24Обмен;;0;7868
329;TytCoin;;0;10141
337;1WM;;0;305515
341;WMStream;185657319746;1622;8653
342;Обменка;820680149301;1127;331631
343;WmzUa;215799348204;0;11691
346;UltraChange;444517849111;276;59287
349;AlphaPay24;;0;1803246
356;Обменкин;183146821292;432;26967
357;Changex;;0;186806
359;UniObmen;;0;0
362;D-Obmen;;0;109488
364;N-Obmen;;0;9474
366;WmCurrency;267917261386;161;474
367;Pro100obmen;770597652373;31;0
370;Obmenneg;426424364533;899;18166
372;HotExchange;;0;119872
374;Echange;401537073488;874;5592
375;CashTransfers;123974018633;79;1781453
380;FavoriteExchanger;266156638013;987;220415
381;ObmenAT;297157965491;1330;487825
383;Bitcoin-Обмен;;0;50
385;ChangeMoney24;;0;117968
386;Exch-em;293780842620;1042;4341
387;365Cash;;0;72605
613;JoJoCash;;0;935
397;AllCash;;0;480040
399;WmzBy;491088628726;358;1413
402;Trust-Changer;;0;118645
405;OpenChange;;0;491006
409;5Минут;157677488095;328;2881
411;BTCBank;;0;30233
412;WW-Pay;;0;347691
413;Pay-Exchange;379391639079;944;69
417;24PayBank;;0;2219632
419;24-Exchange;149626690118;2241;47767
418;ArbitrCoin;;0;186724
421;Receive-Money;;0;124299
426;КазОбмен;104803719187;445;2723
425;WealthPay;;0;22708480
427;IgnExchange;391522515065;441;41974
430;CoinToCard;;0;448331
433;Smart-Pays;;0;757166
434;DJChange;;0;580767
436;RealExchange;271040623560;748;0
437;RuChange;;0;35839
438;WestChange;;0;87987
440;SimplExchange;;0;12483
439;Makoli;;0;21247
441;PMCash;;0;148349
444;Конверт;;0;379485
447;SpbWMCasher;049282223299;514;0
448;UltraObmen;;0;13754
451;AlfaWM;397123883693;860;29968
450;Cashinout;153941855775;3131;202578
454;ByWare;338563653533;723;4528461
456;SafePay;196907527892;950;7675
455;FehuPay;;0;25954
457;МеняйПро;;0;76108
460;Lionex;;0;6560
459;Trust-Deal;593677235390;1085;0
461;UltraGold;236612479074;618;0
466;BtcChange24;;0;75906
464;MegaChange;380536951311;748;16629
467;GoodObmen;;0;17984
468;Magnatus;;0;132024
469;MasterChange;238890286272;1501;64855
471;ChBy;;0;3130493
472;Changer4u;;0;273386
473;ImExchanger;;0;1331761
474;SuperChangeNet;;0;44769
475;ObmenPP;;0;334158
478;Coinex24;;0;28579
489;ZB;;0;0
488;FastChange;;0;524775
486;Обменио;;0;138954
490;O-Paxum;;0;40581
498;Kraken;;0;0
499;Ecoin;;0;0
502;OkCoin;;0;0
500;BitStamp;;0;0
491;WEX;;0;0
504;OKEx;;0;0
497;Cexio;;0;0
496;Bitfinex;;0;0
492;Poloniex;;0;0
495;LiveCoin;;0;0
493;Criptex;;0;0
501;ItBit;;0;0
494;Exmo;;0;0
503;HitBtc;;0;0
505;CryptoMate;;0;0
508;Gemini;;0;0
507;Bitkonan;;0;0
506;Bitlish;;0;0
510;Binance;;0;0
509;TheRockTrading;;0;0
511;Bittrex;;0;0
512;CoinBase;;0;0
513;BitBay;;0;0
514;C-Cex;;0;0
515;YoBit;;0;0
517;BaksMan;;0;3213777
521;Шахта;;0;531244
522;Касса;;0;59604
519;BitExchanger;;0;4028076
524;100Btc;;0;11249876
528;WmExpress;;0;36318
529;LuxObmenka;165881930154;860;37582
531;FastWM;176080725420;781;22133
532;QuickChange;;0;402563
533;2x2Change;;0;219105
536;WuBill;;0;0
537;100BtcKiev;;0;224590
538;50Cents;;0;0
539;NewLine;;0;15855780
544;Банкомат;;0;6615483
543;UkrWebTransfer;430892468345;1792;1989
545;XCoin;;0;606373
743;Treddr;389246840335;62;179187
547;Обменник24;;0;55243
546;NetEx24;;0;207128
548;ObmenTop;191116885147;509;7702
550;PayBis;;0;2899534
551;RocketChange;697747012700;903;509446
555;Cashex;;0;0
556;ObmennCom;;0;10514
558;1Exchanger;670481125823;519;229
559;MinedTrade;;0;295350
560;MegaBestObmen;;0;5302
561;BetaTransfer;;0;5240
562;Z-Exchange;;0;3051
564;Babasiki;355685642804;1001;277560
565;Transfer24;;0;46699
566;GetExchange;243633864016;456;0
567;Coin-Bank;;0;22818
573;Биткоин24;;0;4858
575;Your-Coins;;0;8247
577;Bit-Обменка;;0;371517
579;ShapeShift;;0;0
581;8Pay;437302142553;967;438844
582;Обмен24;929821584599;966;24239
583;SBitcoin;;0;3458400
584;F-Change;;0;143375
585;ObmenoFF;;0;124111
586;КэшБанк;;0;6455610
587;Payforia;;0;225356
589;ObmenTech;421609434468;1149;69808
588;7Money;;0;58085
590;ExMoney;;0;8605
599;iChanger;360880458968;828;96209
602;Zanachka-Pay;;0;9636
603;RuBitok;;0;8433
604;BestObmen;;0;6440
608;GeeExchange;;0;429558
606;CryptoMoney;;0;616088
605;Buy-Bitcoins;;0;2768256
607;60сек;;0;4926859
610;WMBlrClub;215095201536;1002;58416
609;ObmenMoney;279259009479;536;35983
611;ChangerClub;;0;43886
612;Changelly;;0;438880
614;El-Change;;0;101270
615;Pocket-Exchange;;0;87304
619;LeoExchanger;;0;56724
630;GoodExchanger;;0;15561
620;4Exchange;;0;9235
621;Pay-Today;;0;12060
618;24BestEx;;0;418433
624;VV-Obmen;;0;17720
622;ProstoCash;;0;11637156
625;PayGet;;0;541922
631;Exchanger-em;;0;29147
629;MonEx;189133223119;1059;80686
626;Best-Obmen;;0;464843
640;BTC2Pay;;0;90684
632;Midas24;;0;8044
636;WorldChange;;0;105298
644;UniEx;;0;24262
664;TierraPay;;0;40213
639;Валютчик;;0;0
646;XchangeMoney;154427020423;941;0
667;BitMonsters;;0;65716
645;BtcBit;;0;1171433
756;24-Обмен;188455012249;493;2983
680;TopObmen;112969914476;599;5804
681;CryptoHome;;0;568605
635;Staff-Obmen;;0;11865
633;YChanger;;0;6686143
733;Bonanza-Obmen;;0;6549
736;Обменник-UZ;417711911618;309;8967
637;EuroBitcoins;;0;45881
671;RootPay;880322840330;558;261047
634;BestCoin;;0;982816
668;MyCryptoMarket;;0;148741
648;LiCash;058193588903;119;2274
722;Алтын;;0;50588
650;Real-Bit;;0;0
638;Bitcoin24SU;;0;14847
642;BuyBit;;0;33455
674;All24;;0;5030
678;Ym-Change;;0;1157
673;Smart-Obmen;;0;298898
666;1Обмен;;0;240798
656;DBChange;;0;4739154
655;BitStore;;0;9595
659;1-Online;;0;8726342
665;Perfect-Change;;0;17238
670;FastEx;;0;0
652;LasloBit;;0;2066395
653;BTC-Online;;0;234755
731;BigBank;847669728199;1;30958
689;TransCoin;;0;384638
651;Монетка;702499140547;455;15123
657;Easy-Changer;;0;74477
661;Ферма;;0;10340
663;OwlChange;;0;0
677;Bitcoin24Exchange;;0;2899
654;Ru-Bas;;0;26057
738;HASchange;;0;25883
702;Papa-Change;;0;63255
660;FlyChange;290933993890;1318;398870
662;CashOnline;;0;6027
693;CryptoBroker;;0;1064849
714;Top-Exchange;;0;97139
719;ObmenLite24;483565345269;397;2110
672;99Francs;;0;46798
715;Coins-Trade;;0;57407
676;Иеремия76;;0;3490
658;BtcTenge;;0;37054
727;Пополни;121628621279;884;12362
762;TetChange;179504421328;601;119248
720;WM-Thailand;407826847451;1835;35282
708;ObmennegRu;736679757699;394;3786
695;BTC-Обменник;;0;24956
706;HoBit;;0;50789
705;Cryptonex;;0;72336
713;CashOut;;0;154570
697;ChangeTime;828193256536;343;2268
687;WikiPays;;0;75688
746;V-Obmen24;;0;13881
701;WMCash;236702904683;322;395068
700;СамСебеБосс;316085552949;42;22172
749;Битокк;;0;23909
690;Fair-Exchange;413428403759;93;5483
684;100Bitcoins;;0;55898
723;BitObmen;;0;17327
753;WMHub;329599575392;76;26292
704;Change-X;;0;10720
752;24ExPay;;0;179311
692;C1kWorld;;0;372272
688;ExchangeExpress;279259009479;536;4490
710;Bittrend;;0;234953
691;iPay24;;0;14251
712;Criptify;;0;12432
755;Big-Changer;;0;3189
725;CryptObmen;;0;26221
699;BitPro;;0;592811
703;Obmen4you;320026778932;480;5571
729;WallBTC;;0;5311457
726;ObmenMarket;;0;0
739;AcryptoExchange;;0;3470
716;Биток777;;0;33956
711;HelpChange;;0;0
732;InCash24;742570237314;286;8827
760;Shift-Money;;0;2869
751;ObmenExpert;;0;7339
782;Tec-Bit;;0;54115
750;CashAdmin;;0;26390
728;ElectronExchange;888980571267;259;345454
763;PushPayer;753021635396;3;30316
758;CryptoBox;;0;154603
741;BTCe-Obmen;;0;10204
737;BonkyPay;232342940453;119;16263
761;FlashObmen;;0;81612
747;GetEx24;;0;0
745;CryptoChange24;;0;1074816
754;ObmenIM;;0;59975
757;ChangeNow;;0;21975272
744;Биток;;0;799823
783;ОбменДенег;;0;10549
770;BTC24pro;;0;36934
779;MoneyMix;;0;13881
781;iMoney24;;0;89284
768;Sooop;;0;92680
790;Турбина;;0;11921
776;BitcoinsMD;;0;154558
765;Bit-Exchange;;0;39598
785;PayMarket;;0;6296
775;AllWMCash;;0;159419
780;Bitcoin24Ru;;0;9625
774;ОбменМонет;;0;1200812
777;Fox-Rocket;;0;6062
764;NiceChange;;0;818415
786;EmExchanger;;0;28606
772;CoinPayMaster;;0;5931
789;MChanger;;0;6353
792;SberBit;;0;57360
784;InTo;;0;5445
799;Криптообменник;;0;7789
787;PrivatCash;;0;309429
791;WebObmenUZ;490520599256;373;9531
801;Coin-Future;;0;3569
795;CashWallet;;0;7686
793;IceBtc;;0;7705